Pcp_File_Version=4
    2
    1  0.000000e+000  1.000000e+000  1.000000e+000
    2 -7.000000e+002  1.000000e+000  1.000000e+000
  701    0    0    1 x         h      Mat  Lay      Beta           Axz            Bxz            Dxz          Temp          Conc           SConc
    1 -0.000000e+000 -6.180000e+002    1    1  0.000000e+000  1.000000e+000  1.000000e+000  1.000000e+000              
    2 -1.000000e+000 -6.170000e+002    1    1  0.000000e+000  1.000000e+000  1.000000e+000  1.000000e+000              
    3 -2.000000e+000 -6.160000e+002    1    1  0.000000e+000  1.000000e+000  1.000000e+000  1.000000e+000              
    4 -3.000000e+000 -6.150000e+002    1    1  0.000000e+000  1.000000e+000  1.000000e+000  1.000000e+000              
    5 -4.000000e+000 -6.140000e+002    1    1  0.000000e+000  1.000000e+000  1.000000e+000  1.000000e+000              
    6 -5.000000e+000 -6.130000e+002    1    1  0.000000e+000  1.000000e+000  1.000000e+000  1.000000e+000              
    7 -6.000000e+000 -6.120000e+002    1    1  0.000000e+000  1.000000e+000  1.000000e+000  1.000000e+000              
    8 -7.000000e+000 -6.110000e+002    1    1  0.000000e+000  1.000000e+000  1.000000e+000  1.000000e+000              
    9 -8.000000e+000 -6.100000e+002    1    1  0.000000e+000  1.000000e+000  1.000000e+000  1.000000e+000              
   10 -9.000000e+000 -6.090000e+002    1    1  0.000000e+000  1.000000e+000  1.000000e+000  1.000000e+000              
   11 -1.000000e+001 -6.080000e+002    1    1  0.000000e+000  1.000000e+000  1.000000e+000  1.000000e+000              
   12 -1.100000e+001 -6.070000e+002    1    1  0.000000e+000  1.000000e+000  1.000000e+000  1.000000e+000              
   13 -1.200000e+001 -6.060000e+002    1    1  0.000000e+000  1.000000e+000  1.000000e+000  1.000000e+000              
   14 -1.300000e+001 -6.050000e+002    1    1  0.000000e+000  1.000000e+000  1.000000e+000  1.000000e+000              
   15 -1.400000e+001 -6.040000e+002    1    1  0.000000e+000  1.000000e+000  1.000000e+000  1.000000e+000              
   16 -1.500000e+001 -6.030000e+002    1    1  0.000000e+000  1.000000e+000  1.000000e+000  1.000000e+000              
   17 -1.600000e+001 -6.020000e+002    1    1  0.000000e+000  1.000000e+000  1.000000e+000  1.000000e+000              
   18 -1.700000e+001 -6.010000e+002    1    1  0.000000e+000  1.000000e+000  1.000000e+000  1.000000e+000              
   19 -1.800000e+001 -6.000000e+002    1    1  0.000000e+000  1.000000e+000  1.000000e+000  1.000000e+000              
   20 -1.900000e+001 -5.990000e+002    1    1  0.000000e+000  1.000000e+000  1.000000e+000  1.000000e+000              
   21 -2.000000e+001 -5.980000e+002    1    1  0.000000e+000  1.000000e+000  1.000000e+000  1.000000e+000              
   22 -2.100000e+001 -5.970000e+002    1    1  0.000000e+000  1.000000e+000  1.000000e+000  1.000000e+000              
   23 -2.200000e+001 -5.960000e+002    1    1  0.000000e+000  1.000000e+000  1.000000e+000  1.000000e+000              
   24 -2.300000e+001 -5.950000e+002    1    1  0.000000e+000  1.000000e+000  1.000000e+000  1.000000e+000              
   25 -2.400000e+001 -5.940000e+002    1    1  0.000000e+000  1.000000e+000  1.000000e+000  1.000000e+000              
   26 -2.500000e+001 -5.930000e+002    1    1  0.000000e+000  1.000000e+000  1.000000e+000  1.000000e+000              
   27 -2.600000e+001 -5.920000e+002    1    1  0.000000e+000  1.000000e+000  1.000000e+000  1.000000e+000              
   28 -2.700000e+001 -5.910000e+002    1    1  0.000000e+000  1.000000e+000  1.000000e+000  1.000000e+000              
   29 -2.800000e+001 -5.900000e+002    1    1  0.000000e+000  1.000000e+000  1.000000e+000  1.000000e+000              
   30 -2.900000e+001 -5.890000e+002    1    1  0.000000e+000  1.000000e+000  1.000000e+000  1.000000e+000              
   31 -3.000000e+001 -5.880000e+002    1    1  0.000000e+000  1.000000e+000  1.000000e+000  1.000000e+000              
   32 -3.100000e+001 -5.870000e+002    1    1  0.000000e+000  1.000000e+000  1.000000e+000  1.000000e+000              
   33 -3.200000e+001 -5.860000e+002    1    1  0.000000e+000  1.000000e+000  1.000000e+000  1.000000e+000              
   34 -3.300000e+001 -5.850000e+002    1    1  0.000000e+000  1.000000e+000  1.000000e+000  1.000000e+000              
   35 -3.400000e+001 -5.840000e+002    1    1  0.000000e+000  1.000000e+000  1.000000e+000  1.000000e+000              
   36 -3.500000e+001 -5.830000e+002    1    1  0.000000e+000  1.000000e+000  1.000000e+000  1.000000e+000              
   37 -3.600000e+001 -5.820000e+002    1    1  0.000000e+000  1.000000e+000  1.000000e+000  1.000000e+000              
   38 -3.700000e+001 -5.810000e+002    1    1  0.000000e+000  1.000000e+000  1.000000e+000  1.000000e+000              
   39 -3.800000e+001 -5.800000e+002    1    1  0.000000e+000  1.000000e+000  1.000000e+000  1.000000e+000              
   40 -3.900000e+001 -5.790000e+002    1    1  0.000000e+000  1.000000e+000  1.000000e+000  1.000000e+000              
   41 -4.000000e+001 -5.780000e+002    1    1  0.000000e+000  1.000000e+000  1.000000e+000  1.000000e+000              
   42 -4.100000e+001 -5.770000e+002    1    1  0.000000e+000  1.000000e+000  1.000000e+000  1.000000e+000              
   43 -4.200000e+001 -5.760000e+002    1    1  0.000000e+000  1.000000e+000  1.000000e+000  1.000000e+000              
   44 -4.300000e+001 -5.750000e+002    1    1  0.000000e+000  1.000000e+000  1.000000e+000  1.000000e+000              
   45 -4.400000e+001 -5.740000e+002    1    1  0.000000e+000  1.000000e+000  1.000000e+000  1.000000e+000              
   46 -4.500000e+001 -5.730000e+002    1    1  0.000000e+000  1.000000e+000  1.000000e+000  1.000000e+000              
   47 -4.600000e+001 -5.720000e+002    1    1  0.000000e+000  1.000000e+000  1.000000e+000  1.000000e+000              
   48 -4.700000e+001 -5.710000e+002    1    1  0.000000e+000  1.000000e+000  1.000000e+000  1.000000e+000              
   49 -4.800000e+001 -5.700000e+002    1    1  0.000000e+000  1.000000e+000  1.000000e+000  1.000000e+000              
   50 -4.900000e+001 -5.690000e+002    1    1  0.000000e+000  1.000000e+000  1.000000e+000  1.000000e+000              
   51 -5.000000e+001 -5.680000e+002    1    1  0.000000e+000  1.000000e+000  1.000000e+000  1.000000e+000              
   52 -5.100000e+001 -5.670000e+002    1    1  0.000000e+000  1.000000e+000  1.000000e+000  1.000000e+000              
   53 -5.200000e+001 -5.660000e+002    1    1  0.000000e+000  1.000000e+000  1.000000e+000  1.000000e+000              
   54 -5.300000e+001 -5.650000e+002    1    1  0.000000e+000  1.000000e+000  1.000000e+000  1.000000e+000              
   55 -5.400000e+001 -5.640000e+002    1    1  0.000000e+000  1.000000e+000  1.000000e+000  1.000000e+000              
   56 -5.500000e+001 -5.630000e+002    1    1  0.000000e+000  1.000000e+000  1.000000e+000  1.000000e+000              
   57 -5.600000e+001 -5.620000e+002    1    1  0.000000e+000  1.000000e+000  1.000000e+000  1.000000e+000              
   58 -5.700000e+001 -5.610000e+002    1    1  0.000000e+000  1.000000e+000  1.000000e+000  1.000000e+000              
   59 -5.800000e+001 -5.600000e+002    1    1  0.000000e+000  1.000000e+000  1.000000e+000  1.000000e+000              
   60 -5.900000e+001 -5.590000e+002    1    1  0.000000e+000  1.000000e+000  1.000000e+000  1.000000e+000              
   61 -6.000000e+001 -5.580000e+002    1    1  0.000000e+000  1.000000e+000  1.000000e+000  1.000000e+000              
   62 -6.100000e+001 -5.570000e+002    1    1  0.000000e+000  1.000000e+000  1.000000e+000  1.000000e+000              
   63 -6.200000e+001 -5.560000e+002    1    1  0.000000e+000  1.000000e+000  1.000000e+000  1.000000e+000              
   64 -6.300000e+001 -5.550000e+002    1    1  0.000000e+000  1.000000e+000  1.000000e+000  1.000000e+000              
   65 -6.400000e+001 -5.540000e+002    1    1  0.000000e+000  1.000000e+000  1.000000e+000  1.000000e+000              
   66 -6.500000e+001 -5.530000e+002    1    1  0.000000e+000  1.000000e+000  1.000000e+000  1.000000e+000              
   67 -6.600000e+001 -5.520000e+002    1    1  0.000000e+000  1.000000e+000  1.000000e+000  1.000000e+000              
   68 -6.700000e+001 -5.510000e+002    1    1  0.000000e+000  1.000000e+000  1.000000e+000  1.000000e+000              
   69 -6.800000e+001 -5.500000e+002    1    1  0.000000e+000  1.000000e+000  1.000000e+000  1.000000e+000              
   70 -6.900000e+001 -5.490000e+002    1    1  0.000000e+000  1.000000e+000  1.000000e+000  1.000000e+000              
   71 -7.000000e+001 -5.480000e+002    1    1  0.000000e+000  1.000000e+000  1.000000e+000  1.000000e+000              
   72 -7.100000e+001 -5.470000e+002    1    1  0.000000e+000  1.000000e+000  1.000000e+000  1.000000e+000              
   73 -7.200000e+001 -5.460000e+002    1    1  0.000000e+000  1.000000e+000  1.000000e+000  1.000000e+000              
   74 -7.300000e+001 -5.450000e+002    1    1  0.000000e+000  1.000000e+000  1.000000e+000  1.000000e+000              
   75 -7.400000e+001 -5.440000e+002    1    1  0.000000e+000  1.000000e+000  1.000000e+000  1.000000e+000              
   76 -7.500000e+001 -5.430000e+002    1    1  0.000000e+000  1.000000e+000  1.000000e+000  1.000000e+000              
   77 -7.600000e+001 -5.420000e+002    1    1  0.000000e+000  1.000000e+000  1.000000e+000  1.000000e+000              
   78 -7.700000e+001 -5.410000e+002    1    1  0.000000e+000  1.000000e+000  1.000000e+000  1.000000e+000              
   79 -7.800000e+001 -5.400000e+002    1    1  0.000000e+000  1.000000e+000  1.000000e+000  1.000000e+000              
   80 -7.900000e+001 -5.390000e+002    1    1  0.000000e+000  1.000000e+000  1.000000e+000  1.000000e+000              
   81 -8.000000e+001 -5.380000e+002    1    1  0.000000e+000  1.000000e+000  1.000000e+000  1.000000e+000              
   82 -8.100000e+001 -5.370000e+002    1    1  0.000000e+000  1.000000e+000  1.000000e+000  1.000000e+000              
   83 -8.200000e+001 -5.360000e+002    1    1  0.000000e+000  1.000000e+000  1.000000e+000  1.000000e+000              
   84 -8.300000e+001 -5.350000e+002    1    1  0.000000e+000  1.000000e+000  1.000000e+000  1.000000e+000              
   85 -8.400000e+001 -5.340000e+002    1    1  0.000000e+000  1.000000e+000  1.000000e+000  1.000000e+000              
   86 -8.500000e+001 -5.330000e+002    1    1  0.000000e+000  1.000000e+000  1.000000e+000  1.000000e+000              
   87 -8.600000e+001 -5.320000e+002    1    1  0.000000e+000  1.000000e+000  1.000000e+000  1.000000e+000              
   88 -8.700000e+001 -5.310000e+002    1    1  0.000000e+000  1.000000e+000  1.000000e+000  1.000000e+000              
   89 -8.800000e+001 -5.300000e+002    1    1  0.000000e+000  1.000000e+000  1.000000e+000  1.000000e+000              
   90 -8.900000e+001 -5.290000e+002    1    1  0.000000e+000  1.000000e+000  1.000000e+000  1.000000e+000              
   91 -9.000000e+001 -5.280000e+002    1    1  0.000000e+000  1.000000e+000  1.000000e+000  1.000000e+000              
   92 -9.100000e+001 -5.270000e+002    1    1  0.000000e+000  1.000000e+000  1.000000e+000  1.000000e+000              
   93 -9.200000e+001 -5.260000e+002    1    1  0.000000e+000  1.000000e+000  1.000000e+000  1.000000e+000              
   94 -9.300000e+001 -5.250000e+002    1    1  0.000000e+000  1.000000e+000  1.000000e+000  1.000000e+000              
   95 -9.400000e+001 -5.240000e+002    1    1  0.000000e+000  1.000000e+000  1.000000e+000  1.000000e+000              
   96 -9.500000e+001 -5.230000e+002    1    1  0.000000e+000  1.000000e+000  1.000000e+000  1.000000e+000              
   97 -9.600000e+001 -5.220000e+002    1    1  0.000000e+000  1.000000e+000  1.000000e+000  1.000000e+000              
   98 -9.700000e+001 -5.210000e+002    1    1  0.000000e+000  1.000000e+000  1.000000e+000  1.000000e+000              
   99 -9.800000e+001 -5.200000e+002    1    1  0.000000e+000  1.000000e+000  1.000000e+000  1.000000e+000              
  100 -9.900000e+001 -5.190000e+002    1    1  0.000000e+000  1.000000e+000  1.000000e+000  1.000000e+000              
  101 -1.000000e+002 -5.180000e+002    1    1  0.000000e+000  1.000000e+000  1.000000e+000  1.000000e+000              
  102 -1.010000e+002 -5.170000e+002    1    1  0.000000e+000  1.000000e+000  1.000000e+000  1.000000e+000              
  103 -1.020000e+002 -5.160000e+002    1    1  0.000000e+000  1.000000e+000  1.000000e+000  1.000000e+000              
  104 -1.030000e+002 -5.150000e+002    1    1  0.000000e+000  1.000000e+000  1.000000e+000  1.000000e+000              
  105 -1.040000e+002 -5.140000e+002    1    1  0.000000e+000  1.000000e+000  1.000000e+000  1.000000e+000              
  106 -1.050000e+002 -5.130000e+002    1    1  0.000000e+000  1.000000e+000  1.000000e+000  1.000000e+000              
  107 -1.060000e+002 -5.120000e+002    1    1  0.000000e+000  1.000000e+000  1.000000e+000  1.000000e+000              
  108 -1.070000e+002 -5.110000e+002    1    1  0.000000e+000  1.000000e+000  1.000000e+000  1.000000e+000              
  109 -1.080000e+002 -5.100000e+002    1    1  0.000000e+000  1.000000e+000  1.000000e+000  1.000000e+000              
  110 -1.090000e+002 -5.090000e+002    1    1  0.000000e+000  1.000000e+000  1.000000e+000  1.000000e+000              
  111 -1.100000e+002 -5.080000e+002    1    1  0.000000e+000  1.000000e+000  1.000000e+000  1.000000e+000              
  112 -1.110000e+002 -5.070000e+002    1    1  0.000000e+000  1.000000e+000  1.000000e+000  1.000000e+000              
  113 -1.120000e+002 -5.060000e+002    1    1  0.000000e+000  1.000000e+000  1.000000e+000  1.000000e+000              
  114 -1.130000e+002 -5.050000e+002    1    1  0.000000e+000  1.000000e+000  1.000000e+000  1.000000e+000              
  115 -1.140000e+002 -5.040000e+002    1    1  0.000000e+000  1.000000e+000  1.000000e+000  1.000000e+000              
  116 -1.150000e+002 -5.030000e+002    1    1  0.000000e+000  1.000000e+000  1.000000e+000  1.000000e+000              
  117 -1.160000e+002 -5.020000e+002    1    1  0.000000e+000  1.000000e+000  1.000000e+000  1.000000e+000              
  118 -1.170000e+002 -5.010000e+002    1    1  0.000000e+000  1.000000e+000  1.000000e+000  1.000000e+000              
  119 -1.180000e+002 -5.000000e+002    1    1  0.000000e+000  1.000000e+000  1.000000e+000  1.000000e+000              
  120 -1.190000e+002 -4.990000e+002    1    1  0.000000e+000  1.000000e+000  1.000000e+000  1.000000e+000              
  121 -1.200000e+002 -4.980000e+002    1    1  0.000000e+000  1.000000e+000  1.000000e+000  1.000000e+000              
  122 -1.210000e+002 -4.970000e+002    1    1  0.000000e+000  1.000000e+000  1.000000e+000  1.000000e+000              
  123 -1.220000e+002 -4.960000e+002    1    1  0.000000e+000  1.000000e+000  1.000000e+000  1.000000e+000              
  124 -1.230000e+002 -4.950000e+002    1    1  0.000000e+000  1.000000e+000  1.000000e+000  1.000000e+000              
  125 -1.240000e+002 -4.940000e+002    1    1  0.000000e+000  1.000000e+000  1.000000e+000  1.000000e+000              
  126 -1.250000e+002 -4.930000e+002    1    1  0.000000e+000  1.000000e+000  1.000000e+000  1.000000e+000              
  127 -1.260000e+002 -4.920000e+002    1    1  0.000000e+000  1.000000e+000  1.000000e+000  1.000000e+000              
  128 -1.270000e+002 -4.910000e+002    1    1  0.000000e+000  1.000000e+000  1.000000e+000  1.000000e+000              
  129 -1.280000e+002 -4.900000e+002    1    1  0.000000e+000  1.000000e+000  1.000000e+000  1.000000e+000              
  130 -1.290000e+002 -4.890000e+002    1    1  0.000000e+000  1.000000e+000  1.000000e+000  1.000000e+000              
  131 -1.300000e+002 -4.880000e+002    1    1  0.000000e+000  1.000000e+000  1.000000e+000  1.000000e+000              
  132 -1.310000e+002 -4.870000e+002    1    1  0.000000e+000  1.000000e+000  1.000000e+000  1.000000e+000              
  133 -1.320000e+002 -4.860000e+002    1    1  0.000000e+000  1.000000e+000  1.000000e+000  1.000000e+000              
  134 -1.330000e+002 -4.850000e+002    1    1  0.000000e+000  1.000000e+000  1.000000e+000  1.000000e+000              
  135 -1.340000e+002 -4.840000e+002    1    1  0.000000e+000  1.000000e+000  1.000000e+000  1.000000e+000              
  136 -1.350000e+002 -4.830000e+002    1    1  0.000000e+000  1.000000e+000  1.000000e+000  1.000000e+000              
  137 -1.360000e+002 -4.820000e+002    1    1  0.000000e+000  1.000000e+000  1.000000e+000  1.000000e+000              
  138 -1.370000e+002 -4.810000e+002    1    1  0.000000e+000  1.000000e+000  1.000000e+000  1.000000e+000              
  139 -1.380000e+002 -4.800000e+002    1    1  0.000000e+000  1.000000e+000  1.000000e+000  1.000000e+000              
  140 -1.390000e+002 -4.790000e+002    1    1  0.000000e+000  1.000000e+000  1.000000e+000  1.000000e+000              
  141 -1.400000e+002 -4.780000e+002    1    1  0.000000e+000  1.000000e+000  1.000000e+000  1.000000e+000              
  142 -1.410000e+002 -4.770000e+002    1    1  0.000000e+000  1.000000e+000  1.000000e+000  1.000000e+000              
  143 -1.420000e+002 -4.760000e+002    1    1  0.000000e+000  1.000000e+000  1.000000e+000  1.000000e+000              
  144 -1.430000e+002 -4.750000e+002    1    1  0.000000e+000  1.000000e+000  1.000000e+000  1.000000e+000              
  145 -1.440000e+002 -4.740000e+002    1    1  0.000000e+000  1.000000e+000  1.000000e+000  1.000000e+000              
  146 -1.450000e+002 -4.730000e+002    1    1  0.000000e+000  1.000000e+000  1.000000e+000  1.000000e+000              
  147 -1.460000e+002 -4.720000e+002    1    1  0.000000e+000  1.000000e+000  1.000000e+000  1.000000e+000              
  148 -1.470000e+002 -4.710000e+002    1    1  0.000000e+000  1.000000e+000  1.000000e+000  1.000000e+000              
  149 -1.480000e+002 -4.700000e+002    1    1  0.000000e+000  1.000000e+000  1.000000e+000  1.000000e+000              
  150 -1.490000e+002 -4.690000e+002    1    1  0.000000e+000  1.000000e+000  1.000000e+000  1.000000e+000              
  151 -1.500000e+002 -4.680000e+002    1    1  0.000000e+000  1.000000e+000  1.000000e+000  1.000000e+000              
  152 -1.510000e+002 -4.670000e+002    1    1  0.000000e+000  1.000000e+000  1.000000e+000  1.000000e+000              
  153 -1.520000e+002 -4.660000e+002    1    1  0.000000e+000  1.000000e+000  1.000000e+000  1.000000e+000              
  154 -1.530000e+002 -4.650000e+002    1    1  0.000000e+000  1.000000e+000  1.000000e+000  1.000000e+000              
  155 -1.540000e+002 -4.640000e+002    1    1  0.000000e+000  1.000000e+000  1.000000e+000  1.000000e+000              
  156 -1.550000e+002 -4.630000e+002    1    1  0.000000e+000  1.000000e+000  1.000000e+000  1.000000e+000              
  157 -1.560000e+002 -4.620000e+002    1    1  0.000000e+000  1.000000e+000  1.000000e+000  1.000000e+000              
  158 -1.570000e+002 -4.610000e+002    1    1  0.000000e+000  1.000000e+000  1.000000e+000  1.000000e+000              
  159 -1.580000e+002 -4.600000e+002    1    1  0.000000e+000  1.000000e+000  1.000000e+000  1.000000e+000              
  160 -1.590000e+002 -4.590000e+002    1    1  0.000000e+000  1.000000e+000  1.000000e+000  1.000000e+000              
  161 -1.600000e+002 -4.580000e+002    1    1  0.000000e+000  1.000000e+000  1.000000e+000  1.000000e+000              
  162 -1.610000e+002 -4.570000e+002    1    1  0.000000e+000  1.000000e+000  1.000000e+000  1.000000e+000              
  163 -1.620000e+002 -4.560000e+002    1    1  0.000000e+000  1.000000e+000  1.000000e+000  1.000000e+000              
  164 -1.630000e+002 -4.550000e+002    1    1  0.000000e+000  1.000000e+000  1.000000e+000  1.000000e+000              
  165 -1.640000e+002 -4.540000e+002    1    1  0.000000e+000  1.000000e+000  1.000000e+000  1.000000e+000              
  166 -1.650000e+002 -4.530000e+002    1    1  0.000000e+000  1.000000e+000  1.000000e+000  1.000000e+000              
  167 -1.660000e+002 -4.520000e+002    1    1  0.000000e+000  1.000000e+000  1.000000e+000  1.000000e+000              
  168 -1.670000e+002 -4.510000e+002    1    1  0.000000e+000  1.000000e+000  1.000000e+000  1.000000e+000              
  169 -1.680000e+002 -4.500000e+002    1    1  0.000000e+000  1.000000e+000  1.000000e+000  1.000000e+000              
  170 -1.690000e+002 -4.490000e+002    1    1  0.000000e+000  1.000000e+000  1.000000e+000  1.000000e+000              
  171 -1.700000e+002 -4.480000e+002    1    1  0.000000e+000  1.000000e+000  1.000000e+000  1.000000e+000              
  172 -1.710000e+002 -4.470000e+002    1    1  0.000000e+000  1.000000e+000  1.000000e+000  1.000000e+000              
  173 -1.720000e+002 -4.460000e+002    1    1  0.000000e+000  1.000000e+000  1.000000e+000  1.000000e+000              
  174 -1.730000e+002 -4.450000e+002    1    1  0.000000e+000  1.000000e+000  1.000000e+000  1.000000e+000              
  175 -1.740000e+002 -4.440000e+002    1    1  0.000000e+000  1.000000e+000  1.000000e+000  1.000000e+000              
  176 -1.750000e+002 -4.430000e+002    1    1  0.000000e+000  1.000000e+000  1.000000e+000  1.000000e+000              
  177 -1.760000e+002 -4.420000e+002    1    1  0.000000e+000  1.000000e+000  1.000000e+000  1.000000e+000              
  178 -1.770000e+002 -4.410000e+002    1    1  0.000000e+000  1.000000e+000  1.000000e+000  1.000000e+000              
  179 -1.780000e+002 -4.400000e+002    1    1  0.000000e+000  1.000000e+000  1.000000e+000  1.000000e+000              
  180 -1.790000e+002 -4.390000e+002    1    1  0.000000e+000  1.000000e+000  1.000000e+000  1.000000e+000              
  181 -1.800000e+002 -4.380000e+002    1    1  0.000000e+000  1.000000e+000  1.000000e+000  1.000000e+000              
  182 -1.810000e+002 -4.370000e+002    1    1  0.000000e+000  1.000000e+000  1.000000e+000  1.000000e+000              
  183 -1.820000e+002 -4.360000e+002    1    1  0.000000e+000  1.000000e+000  1.000000e+000  1.000000e+000              
  184 -1.830000e+002 -4.350000e+002    1    1  0.000000e+000  1.000000e+000  1.000000e+000  1.000000e+000              
  185 -1.840000e+002 -4.340000e+002    1    1  0.000000e+000  1.000000e+000  1.000000e+000  1.000000e+000              
  186 -1.850000e+002 -4.330000e+002    1    1  0.000000e+000  1.000000e+000  1.000000e+000  1.000000e+000              
  187 -1.860000e+002 -4.320000e+002    1    1  0.000000e+000  1.000000e+000  1.000000e+000  1.000000e+000              
  188 -1.870000e+002 -4.310000e+002    1    1  0.000000e+000  1.000000e+000  1.000000e+000  1.000000e+000              
  189 -1.880000e+002 -4.300000e+002    1    1  0.000000e+000  1.000000e+000  1.000000e+000  1.000000e+000              
  190 -1.890000e+002 -4.290000e+002    1    1  0.000000e+000  1.000000e+000  1.000000e+000  1.000000e+000              
  191 -1.900000e+002 -4.280000e+002    1    1  0.000000e+000  1.000000e+000  1.000000e+000  1.000000e+000              
  192 -1.910000e+002 -4.270000e+002    1    1  0.000000e+000  1.000000e+000  1.000000e+000  1.000000e+000              
  193 -1.920000e+002 -4.260000e+002    1    1  0.000000e+000  1.000000e+000  1.000000e+000  1.000000e+000              
  194 -1.930000e+002 -4.250000e+002    1    1  0.000000e+000  1.000000e+000  1.000000e+000  1.000000e+000              
  195 -1.940000e+002 -4.240000e+002    1    1  0.000000e+000  1.000000e+000  1.000000e+000  1.000000e+000              
  196 -1.950000e+002 -4.230000e+002    1    1  0.000000e+000  1.000000e+000  1.000000e+000  1.000000e+000              
  197 -1.960000e+002 -4.220000e+002    1    1  0.000000e+000  1.000000e+000  1.000000e+000  1.000000e+000              
  198 -1.970000e+002 -4.210000e+002    1    1  0.000000e+000  1.000000e+000  1.000000e+000  1.000000e+000              
  199 -1.980000e+002 -4.200000e+002    1    1  0.000000e+000  1.000000e+000  1.000000e+000  1.000000e+000              
  200 -1.990000e+002 -4.190000e+002    1    1  0.000000e+000  1.000000e+000  1.000000e+000  1.000000e+000              
  201 -2.000000e+002 -4.180000e+002    1    1  0.000000e+000  1.000000e+000  1.000000e+000  1.000000e+000              
  202 -2.010000e+002 -4.170000e+002    1    1  0.000000e+000  1.000000e+000  1.000000e+000  1.000000e+000              
  203 -2.020000e+002 -4.160000e+002    1    1  0.000000e+000  1.000000e+000  1.000000e+000  1.000000e+000              
  204 -2.030000e+002 -4.150000e+002    1    1  0.000000e+000  1.000000e+000  1.000000e+000  1.000000e+000              
  205 -2.040000e+002 -4.140000e+002    1    1  0.000000e+000  1.000000e+000  1.000000e+000  1.000000e+000              
  206 -2.050000e+002 -4.130000e+002    1    1  0.000000e+000  1.000000e+000  1.000000e+000  1.000000e+000              
  207 -2.060000e+002 -4.120000e+002    1    1  0.000000e+000  1.000000e+000  1.000000e+000  1.000000e+000              
  208 -2.070000e+002 -4.110000e+002    1    1  0.000000e+000  1.000000e+000  1.000000e+000  1.000000e+000              
  209 -2.080000e+002 -4.100000e+002    1    1  0.000000e+000  1.000000e+000  1.000000e+000  1.000000e+000              
  210 -2.090000e+002 -4.090000e+002    1    1  0.000000e+000  1.000000e+000  1.000000e+000  1.000000e+000              
  211 -2.100000e+002 -4.080000e+002    1    1  0.000000e+000  1.000000e+000  1.000000e+000  1.000000e+000              
  212 -2.110000e+002 -4.070000e+002    2    1  0.000000e+000  1.000000e+000  1.000000e+000  1.000000e+000              
  213 -2.120000e+002 -4.060000e+002    2    1  0.000000e+000  1.000000e+000  1.000000e+000  1.000000e+000              
  214 -2.130000e+002 -4.050000e+002    2    1  0.000000e+000  1.000000e+000  1.000000e+000  1.000000e+000              
  215 -2.140000e+002 -4.040000e+002    2    1  0.000000e+000  1.000000e+000  1.000000e+000  1.000000e+000              
  216 -2.150000e+002 -4.030000e+002    2    1  0.000000e+000  1.000000e+000  1.000000e+000  1.000000e+000              
  217 -2.160000e+002 -4.020000e+002    2    1  0.000000e+000  1.000000e+000  1.000000e+000  1.000000e+000              
  218 -2.170000e+002 -4.010000e+002    2    1  0.000000e+000  1.000000e+000  1.000000e+000  1.000000e+000              
  219 -2.180000e+002 -4.000000e+002    2    1  0.000000e+000  1.000000e+000  1.000000e+000  1.000000e+000              
  220 -2.190000e+002 -3.990000e+002    2    1  0.000000e+000  1.000000e+000  1.000000e+000  1.000000e+000              
  221 -2.200000e+002 -3.980000e+002    2    1  0.000000e+000  1.000000e+000  1.000000e+000  1.000000e+000              
  222 -2.210000e+002 -3.970000e+002    2    1  0.000000e+000  1.000000e+000  1.000000e+000  1.000000e+000              
  223 -2.220000e+002 -3.960000e+002    2    1  0.000000e+000  1.000000e+000  1.000000e+000  1.000000e+000              
  224 -2.230000e+002 -3.950000e+002    2    1  0.000000e+000  1.000000e+000  1.000000e+000  1.000000e+000              
  225 -2.240000e+002 -3.940000e+002    2    1  0.000000e+000  1.000000e+000  1.000000e+000  1.000000e+000              
  226 -2.250000e+002 -3.930000e+002    2    1  0.000000e+000  1.000000e+000  1.000000e+000  1.000000e+000              
  227 -2.260000e+002 -3.920000e+002    2    1  0.000000e+000  1.000000e+000  1.000000e+000  1.000000e+000              
  228 -2.270000e+002 -3.910000e+002    2    1  0.000000e+000  1.000000e+000  1.000000e+000  1.000000e+000              
  229 -2.280000e+002 -3.900000e+002    2    1  0.000000e+000  1.000000e+000  1.000000e+000  1.000000e+000              
  230 -2.290000e+002 -3.890000e+002    2    1  0.000000e+000  1.000000e+000  1.000000e+000  1.000000e+000              
  231 -2.300000e+002 -3.880000e+002    2    1  0.000000e+000  1.000000e+000  1.000000e+000  1.000000e+000              
  232 -2.310000e+002 -3.870000e+002    2    1  0.000000e+000  1.000000e+000  1.000000e+000  1.000000e+000              
  233 -2.320000e+002 -3.860000e+002    2    1  0.000000e+000  1.000000e+000  1.000000e+000  1.000000e+000              
  234 -2.330000e+002 -3.850000e+002    2    1  0.000000e+000  1.000000e+000  1.000000e+000  1.000000e+000              
  235 -2.340000e+002 -3.840000e+002    2    1  0.000000e+000  1.000000e+000  1.000000e+000  1.000000e+000              
  236 -2.350000e+002 -3.830000e+002    2    1  0.000000e+000  1.000000e+000  1.000000e+000  1.000000e+000              
  237 -2.360000e+002 -3.820000e+002    2    1  0.000000e+000  1.000000e+000  1.000000e+000  1.000000e+000              
  238 -2.370000e+002 -3.810000e+002    2    1  0.000000e+000  1.000000e+000  1.000000e+000  1.000000e+000              
  239 -2.380000e+002 -3.800000e+002    2    1  0.000000e+000  1.000000e+000  1.000000e+000  1.000000e+000              
  240 -2.390000e+002 -3.790000e+002    2    1  0.000000e+000  1.000000e+000  1.000000e+000  1.000000e+000              
  241 -2.400000e+002 -3.780000e+002    2    1  0.000000e+000  1.000000e+000  1.000000e+000  1.000000e+000              
  242 -2.410000e+002 -3.770000e+002    2    1  0.000000e+000  1.000000e+000  1.000000e+000  1.000000e+000              
  243 -2.420000e+002 -3.760000e+002    2    1  0.000000e+000  1.000000e+000  1.000000e+000  1.000000e+000              
  244 -2.430000e+002 -3.750000e+002    2    1  0.000000e+000  1.000000e+000  1.000000e+000  1.000000e+000              
  245 -2.440000e+002 -3.740000e+002    2    1  0.000000e+000  1.000000e+000  1.000000e+000  1.000000e+000              
  246 -2.450000e+002 -3.730000e+002    2    1  0.000000e+000  1.000000e+000  1.000000e+000  1.000000e+000              
  247 -2.460000e+002 -3.720000e+002    2    1  0.000000e+000  1.000000e+000  1.000000e+000  1.000000e+000              
  248 -2.470000e+002 -3.710000e+002    2    1  0.000000e+000  1.000000e+000  1.000000e+000  1.000000e+000              
  249 -2.480000e+002 -3.700000e+002    2    1  0.000000e+000  1.000000e+000  1.000000e+000  1.000000e+000              
  250 -2.490000e+002 -3.690000e+002    2    1  0.000000e+000  1.000000e+000  1.000000e+000  1.000000e+000              
  251 -2.500000e+002 -3.680000e+002    2    1  0.000000e+000  1.000000e+000  1.000000e+000  1.000000e+000              
  252 -2.510000e+002 -3.670000e+002    2    1  0.000000e+000  1.000000e+000  1.000000e+000  1.000000e+000              
  253 -2.520000e+002 -3.660000e+002    2    1  0.000000e+000  1.000000e+000  1.000000e+000  1.000000e+000              
  254 -2.530000e+002 -3.650000e+002    2    1  0.000000e+000  1.000000e+000  1.000000e+000  1.000000e+000              
  255 -2.540000e+002 -3.640000e+002    2    1  0.000000e+000  1.000000e+000  1.000000e+000  1.000000e+000              
  256 -2.550000e+002 -3.630000e+002    2    1  0.000000e+000  1.000000e+000  1.000000e+000  1.000000e+000              
  257 -2.560000e+002 -3.620000e+002    2    1  0.000000e+000  1.000000e+000  1.000000e+000  1.000000e+000              
  258 -2.570000e+002 -3.610000e+002    2    1  0.000000e+000  1.000000e+000  1.000000e+000  1.000000e+000              
  259 -2.580000e+002 -3.600000e+002    2    1  0.000000e+000  1.000000e+000  1.000000e+000  1.000000e+000              
  260 -2.590000e+002 -3.590000e+002    2    1  0.000000e+000  1.000000e+000  1.000000e+000  1.000000e+000              
  261 -2.600000e+002 -3.580000e+002    2    1  0.000000e+000  1.000000e+000  1.000000e+000  1.000000e+000              
  262 -2.610000e+002 -3.570000e+002    2    1  0.000000e+000  1.000000e+000  1.000000e+000  1.000000e+000              
  263 -2.620000e+002 -3.560000e+002    2    1  0.000000e+000  1.000000e+000  1.000000e+000  1.000000e+000              
  264 -2.630000e+002 -3.550000e+002    2    1  0.000000e+000  1.000000e+000  1.000000e+000  1.000000e+000              
  265 -2.640000e+002 -3.540000e+002    2    1  0.000000e+000  1.000000e+000  1.000000e+000  1.000000e+000              
  266 -2.650000e+002 -3.530000e+002    2    1  0.000000e+000  1.000000e+000  1.000000e+000  1.000000e+000              
  267 -2.660000e+002 -3.520000e+002    2    1  0.000000e+000  1.000000e+000  1.000000e+000  1.000000e+000              
  268 -2.670000e+002 -3.510000e+002    2    1  0.000000e+000  1.000000e+000  1.000000e+000  1.000000e+000              
  269 -2.680000e+002 -3.500000e+002    2    1  0.000000e+000  1.000000e+000  1.000000e+000  1.000000e+000              
  270 -2.690000e+002 -3.490000e+002    2    1  0.000000e+000  1.000000e+000  1.000000e+000  1.000000e+000              
  271 -2.700000e+002 -3.480000e+002    2    1  0.000000e+000  1.000000e+000  1.000000e+000  1.000000e+000              
  272 -2.710000e+002 -3.470000e+002    2    1  0.000000e+000  1.000000e+000  1.000000e+000  1.000000e+000              
  273 -2.720000e+002 -3.460000e+002    2    1  0.000000e+000  1.000000e+000  1.000000e+000  1.000000e+000              
  274 -2.730000e+002 -3.450000e+002    2    1  0.000000e+000  1.000000e+000  1.000000e+000  1.000000e+000              
  275 -2.740000e+002 -3.440000e+002    2    1  0.000000e+000  1.000000e+000  1.000000e+000  1.000000e+000              
  276 -2.750000e+002 -3.430000e+002    2    1  0.000000e+000  1.000000e+000  1.000000e+000  1.000000e+000              
  277 -2.760000e+002 -3.420000e+002    2    1  0.000000e+000  1.000000e+000  1.000000e+000  1.000000e+000              
  278 -2.770000e+002 -3.410000e+002    2    1  0.000000e+000  1.000000e+000  1.000000e+000  1.000000e+000              
  279 -2.780000e+002 -3.400000e+002    2    1  0.000000e+000  1.000000e+000  1.000000e+000  1.000000e+000              
  280 -2.790000e+002 -3.390000e+002    2    1  0.000000e+000  1.000000e+000  1.000000e+000  1.000000e+000              
  281 -2.800000e+002 -3.380000e+002    2    1  0.000000e+000  1.000000e+000  1.000000e+000  1.000000e+000              
  282 -2.810000e+002 -3.370000e+002    2    1  0.000000e+000  1.000000e+000  1.000000e+000  1.000000e+000              
  283 -2.820000e+002 -3.360000e+002    2    1  0.000000e+000  1.000000e+000  1.000000e+000  1.000000e+000              
  284 -2.830000e+002 -3.350000e+002    2    1  0.000000e+000  1.000000e+000  1.000000e+000  1.000000e+000              
  285 -2.840000e+002 -3.340000e+002    2    1  0.000000e+000  1.000000e+000  1.000000e+000  1.000000e+000              
  286 -2.850000e+002 -3.330000e+002    2    1  0.000000e+000  1.000000e+000  1.000000e+000  1.000000e+000              
  287 -2.860000e+002 -3.320000e+002    2    1  0.000000e+000  1.000000e+000  1.000000e+000  1.000000e+000              
  288 -2.870000e+002 -3.310000e+002    2    1  0.000000e+000  1.000000e+000  1.000000e+000  1.000000e+000              
  289 -2.880000e+002 -3.300000e+002    2    1  0.000000e+000  1.000000e+000  1.000000e+000  1.000000e+000              
  290 -2.890000e+002 -3.290000e+002    2    1  0.000000e+000  1.000000e+000  1.000000e+000  1.000000e+000              
  291 -2.900000e+002 -3.280000e+002    2    1  0.000000e+000  1.000000e+000  1.000000e+000  1.000000e+000              
  292 -2.910000e+002 -3.270000e+002    2    1  0.000000e+000  1.000000e+000  1.000000e+000  1.000000e+000              
  293 -2.920000e+002 -3.260000e+002    2    1  0.000000e+000  1.000000e+000  1.000000e+000  1.000000e+000              
  294 -2.930000e+002 -3.250000e+002    2    1  0.000000e+000  1.000000e+000  1.000000e+000  1.000000e+000              
  295 -2.940000e+002 -3.240000e+002    2    1  0.000000e+000  1.000000e+000  1.000000e+000  1.000000e+000              
  296 -2.950000e+002 -3.230000e+002    2    1  0.000000e+000  1.000000e+000  1.000000e+000  1.000000e+000              
  297 -2.960000e+002 -3.220000e+002    2    1  0.000000e+000  1.000000e+000  1.000000e+000  1.000000e+000              
  298 -2.970000e+002 -3.210000e+002    2    1  0.000000e+000  1.000000e+000  1.000000e+000  1.000000e+000              
  299 -2.980000e+002 -3.200000e+002    2    1  0.000000e+000  1.000000e+000  1.000000e+000  1.000000e+000              
  300 -2.990000e+002 -3.190000e+002    2    1  0.000000e+000  1.000000e+000  1.000000e+000  1.000000e+000              
  301 -3.000000e+002 -3.180000e+002    2    1  0.000000e+000  1.000000e+000  1.000000e+000  1.000000e+000              
  302 -3.010000e+002 -3.170000e+002    2    1  0.000000e+000  1.000000e+000  1.000000e+000  1.000000e+000              
  303 -3.020000e+002 -3.160000e+002    2    1  0.000000e+000  1.000000e+000  1.000000e+000  1.000000e+000              
  304 -3.030000e+002 -3.150000e+002    2    1  0.000000e+000  1.000000e+000  1.000000e+000  1.000000e+000              
  305 -3.040000e+002 -3.140000e+002    2    1  0.000000e+000  1.000000e+000  1.000000e+000  1.000000e+000              
  306 -3.050000e+002 -3.130000e+002    2    1  0.000000e+000  1.000000e+000  1.000000e+000  1.000000e+000              
  307 -3.060000e+002 -3.120000e+002    2    1  0.000000e+000  1.000000e+000  1.000000e+000  1.000000e+000              
  308 -3.070000e+002 -3.110000e+002    2    1  0.000000e+000  1.000000e+000  1.000000e+000  1.000000e+000              
  309 -3.080000e+002 -3.100000e+002    2    1  0.000000e+000  1.000000e+000  1.000000e+000  1.000000e+000              
  310 -3.090000e+002 -3.090000e+002    2    1  0.000000e+000  1.000000e+000  1.000000e+000  1.000000e+000              
  311 -3.100000e+002 -3.080000e+002    2    1  0.000000e+000  1.000000e+000  1.000000e+000  1.000000e+000              
  312 -3.110000e+002 -3.070000e+002    2    1  0.000000e+000  1.000000e+000  1.000000e+000  1.000000e+000              
  313 -3.120000e+002 -3.060000e+002    2    1  0.000000e+000  1.000000e+000  1.000000e+000  1.000000e+000              
  314 -3.130000e+002 -3.050000e+002    2    1  0.000000e+000  1.000000e+000  1.000000e+000  1.000000e+000              
  315 -3.140000e+002 -3.040000e+002    2    1  0.000000e+000  1.000000e+000  1.000000e+000  1.000000e+000              
  316 -3.150000e+002 -3.030000e+002    2    1  0.000000e+000  1.000000e+000  1.000000e+000  1.000000e+000              
  317 -3.160000e+002 -3.020000e+002    2    1  0.000000e+000  1.000000e+000  1.000000e+000  1.000000e+000              
  318 -3.170000e+002 -3.010000e+002    2    1  0.000000e+000  1.000000e+000  1.000000e+000  1.000000e+000              
  319 -3.180000e+002 -3.000000e+002    2    1  0.000000e+000  1.000000e+000  1.000000e+000  1.000000e+000              
  320 -3.190000e+002 -2.990000e+002    2    1  0.000000e+000  1.000000e+000  1.000000e+000  1.000000e+000              
  321 -3.200000e+002 -2.980000e+002    2    1  0.000000e+000  1.000000e+000  1.000000e+000  1.000000e+000              
  322 -3.210000e+002 -2.970000e+002    2    1  0.000000e+000  1.000000e+000  1.000000e+000  1.000000e+000              
  323 -3.220000e+002 -2.960000e+002    2    1  0.000000e+000  1.000000e+000  1.000000e+000  1.000000e+000              
  324 -3.230000e+002 -2.950000e+002    2    1  0.000000e+000  1.000000e+000  1.000000e+000  1.000000e+000              
  325 -3.240000e+002 -2.940000e+002    2    1  0.000000e+000  1.000000e+000  1.000000e+000  1.000000e+000              
  326 -3.250000e+002 -2.930000e+002    2    1  0.000000e+000  1.000000e+000  1.000000e+000  1.000000e+000              
  327 -3.260000e+002 -2.920000e+002    2    1  0.000000e+000  1.000000e+000  1.000000e+000  1.000000e+000              
  328 -3.270000e+002 -2.910000e+002    2    1  0.000000e+000  1.000000e+000  1.000000e+000  1.000000e+000              
  329 -3.280000e+002 -2.900000e+002    2    1  0.000000e+000  1.000000e+000  1.000000e+000  1.000000e+000              
  330 -3.290000e+002 -2.890000e+002    2    1  0.000000e+000  1.000000e+000  1.000000e+000  1.000000e+000              
  331 -3.300000e+002 -2.880000e+002    2    1  0.000000e+000  1.000000e+000  1.000000e+000  1.000000e+000              
  332 -3.310000e+002 -2.870000e+002    2    1  0.000000e+000  1.000000e+000  1.000000e+000  1.000000e+000              
  333 -3.320000e+002 -2.860000e+002    2    1  0.000000e+000  1.000000e+000  1.000000e+000  1.000000e+000              
  334 -3.330000e+002 -2.850000e+002    2    1  0.000000e+000  1.000000e+000  1.000000e+000  1.000000e+000              
  335 -3.340000e+002 -2.840000e+002    2    1  0.000000e+000  1.000000e+000  1.000000e+000  1.000000e+000              
  336 -3.350000e+002 -2.830000e+002    2    1  0.000000e+000  1.000000e+000  1.000000e+000  1.000000e+000              
  337 -3.360000e+002 -2.820000e+002    2    1  0.000000e+000  1.000000e+000  1.000000e+000  1.000000e+000              
  338 -3.370000e+002 -2.810000e+002    2    1  0.000000e+000  1.000000e+000  1.000000e+000  1.000000e+000              
  339 -3.380000e+002 -2.800000e+002    2    1  0.000000e+000  1.000000e+000  1.000000e+000  1.000000e+000              
  340 -3.390000e+002 -2.790000e+002    2    1  0.000000e+000  1.000000e+000  1.000000e+000  1.000000e+000              
  341 -3.400000e+002 -2.780000e+002    2    1  0.000000e+000  1.000000e+000  1.000000e+000  1.000000e+000              
  342 -3.410000e+002 -2.770000e+002    2    1  0.000000e+000  1.000000e+000  1.000000e+000  1.000000e+000              
  343 -3.420000e+002 -2.760000e+002    2    1  0.000000e+000  1.000000e+000  1.000000e+000  1.000000e+000              
  344 -3.430000e+002 -2.750000e+002    2    1  0.000000e+000  1.000000e+000  1.000000e+000  1.000000e+000              
  345 -3.440000e+002 -2.740000e+002    2    1  0.000000e+000  1.000000e+000  1.000000e+000  1.000000e+000              
  346 -3.450000e+002 -2.730000e+002    2    1  0.000000e+000  1.000000e+000  1.000000e+000  1.000000e+000              
  347 -3.460000e+002 -2.720000e+002    2    1  0.000000e+000  1.000000e+000  1.000000e+000  1.000000e+000              
  348 -3.470000e+002 -2.710000e+002    2    1  0.000000e+000  1.000000e+000  1.000000e+000  1.000000e+000              
  349 -3.480000e+002 -2.700000e+002    2    1  0.000000e+000  1.000000e+000  1.000000e+000  1.000000e+000              
  350 -3.490000e+002 -2.690000e+002    2    1  0.000000e+000  1.000000e+000  1.000000e+000  1.000000e+000              
  351 -3.500000e+002 -2.680000e+002    2    1  0.000000e+000  1.000000e+000  1.000000e+000  1.000000e+000              
  352 -3.510000e+002 -2.670000e+002    2    1  0.000000e+000  1.000000e+000  1.000000e+000  1.000000e+000              
  353 -3.520000e+002 -2.660000e+002    2    1  0.000000e+000  1.000000e+000  1.000000e+000  1.000000e+000              
  354 -3.530000e+002 -2.650000e+002    2    1  0.000000e+000  1.000000e+000  1.000000e+000  1.000000e+000              
  355 -3.540000e+002 -2.640000e+002    2    1  0.000000e+000  1.000000e+000  1.000000e+000  1.000000e+000              
  356 -3.550000e+002 -2.630000e+002    2    1  0.000000e+000  1.000000e+000  1.000000e+000  1.000000e+000              
  357 -3.560000e+002 -2.620000e+002    2    1  0.000000e+000  1.000000e+000  1.000000e+000  1.000000e+000              
  358 -3.570000e+002 -2.610000e+002    2    1  0.000000e+000  1.000000e+000  1.000000e+000  1.000000e+000              
  359 -3.580000e+002 -2.600000e+002    2    1  0.000000e+000  1.000000e+000  1.000000e+000  1.000000e+000              
  360 -3.590000e+002 -2.590000e+002    2    1  0.000000e+000  1.000000e+000  1.000000e+000  1.000000e+000              
  361 -3.600000e+002 -2.580000e+002    2    1  0.000000e+000  1.000000e+000  1.000000e+000  1.000000e+000              
  362 -3.610000e+002 -2.570000e+002    2    1  0.000000e+000  1.000000e+000  1.000000e+000  1.000000e+000              
  363 -3.620000e+002 -2.560000e+002    2    1  0.000000e+000  1.000000e+000  1.000000e+000  1.000000e+000              
  364 -3.630000e+002 -2.550000e+002    2    1  0.000000e+000  1.000000e+000  1.000000e+000  1.000000e+000              
  365 -3.640000e+002 -2.540000e+002    2    1  0.000000e+000  1.000000e+000  1.000000e+000  1.000000e+000              
  366 -3.650000e+002 -2.530000e+002    2    1  0.000000e+000  1.000000e+000  1.000000e+000  1.000000e+000              
  367 -3.660000e+002 -2.520000e+002    2    1  0.000000e+000  1.000000e+000  1.000000e+000  1.000000e+000              
  368 -3.670000e+002 -2.510000e+002    2    1  0.000000e+000  1.000000e+000  1.000000e+000  1.000000e+000              
  369 -3.680000e+002 -2.500000e+002    2    1  0.000000e+000  1.000000e+000  1.000000e+000  1.000000e+000              
  370 -3.690000e+002 -2.490000e+002    2    1  0.000000e+000  1.000000e+000  1.000000e+000  1.000000e+000              
  371 -3.700000e+002 -2.480000e+002    2    1  0.000000e+000  1.000000e+000  1.000000e+000  1.000000e+000              
  372 -3.710000e+002 -2.470000e+002    2    1  0.000000e+000  1.000000e+000  1.000000e+000  1.000000e+000              
  373 -3.720000e+002 -2.460000e+002    2    1  0.000000e+000  1.000000e+000  1.000000e+000  1.000000e+000              
  374 -3.730000e+002 -2.450000e+002    2    1  0.000000e+000  1.000000e+000  1.000000e+000  1.000000e+000              
  375 -3.740000e+002 -2.440000e+002    2    1  0.000000e+000  1.000000e+000  1.000000e+000  1.000000e+000              
  376 -3.750000e+002 -2.430000e+002    2    1  0.000000e+000  1.000000e+000  1.000000e+000  1.000000e+000              
  377 -3.760000e+002 -2.420000e+002    2    1  0.000000e+000  1.000000e+000  1.000000e+000  1.000000e+000              
  378 -3.770000e+002 -2.410000e+002    2    1  0.000000e+000  1.000000e+000  1.000000e+000  1.000000e+000              
  379 -3.780000e+002 -2.400000e+002    2    1  0.000000e+000  1.000000e+000  1.000000e+000  1.000000e+000              
  380 -3.790000e+002 -2.390000e+002    2    1  0.000000e+000  1.000000e+000  1.000000e+000  1.000000e+000              
  381 -3.800000e+002 -2.380000e+002    2    1  0.000000e+000  1.000000e+000  1.000000e+000  1.000000e+000              
  382 -3.810000e+002 -2.370000e+002    2    1  0.000000e+000  1.000000e+000  1.000000e+000  1.000000e+000              
  383 -3.820000e+002 -2.360000e+002    2    1  0.000000e+000  1.000000e+000  1.000000e+000  1.000000e+000              
  384 -3.830000e+002 -2.350000e+002    2    1  0.000000e+000  1.000000e+000  1.000000e+000  1.000000e+000              
  385 -3.840000e+002 -2.340000e+002    2    1  0.000000e+000  1.000000e+000  1.000000e+000  1.000000e+000              
  386 -3.850000e+002 -2.330000e+002    2    1  0.000000e+000  1.000000e+000  1.000000e+000  1.000000e+000              
  387 -3.860000e+002 -2.320000e+002    2    1  0.000000e+000  1.000000e+000  1.000000e+000  1.000000e+000              
  388 -3.870000e+002 -2.310000e+002    2    1  0.000000e+000  1.000000e+000  1.000000e+000  1.000000e+000              
  389 -3.880000e+002 -2.300000e+002    2    1  0.000000e+000  1.000000e+000  1.000000e+000  1.000000e+000              
  390 -3.890000e+002 -2.290000e+002    2    1  0.000000e+000  1.000000e+000  1.000000e+000  1.000000e+000              
  391 -3.900000e+002 -2.280000e+002    2    1  0.000000e+000  1.000000e+000  1.000000e+000  1.000000e+000              
  392 -3.910000e+002 -2.270000e+002    2    1  0.000000e+000  1.000000e+000  1.000000e+000  1.000000e+000              
  393 -3.920000e+002 -2.260000e+002    2    1  0.000000e+000  1.000000e+000  1.000000e+000  1.000000e+000              
  394 -3.930000e+002 -2.250000e+002    2    1  0.000000e+000  1.000000e+000  1.000000e+000  1.000000e+000              
  395 -3.940000e+002 -2.240000e+002    2    1  0.000000e+000  1.000000e+000  1.000000e+000  1.000000e+000              
  396 -3.950000e+002 -2.230000e+002    2    1  0.000000e+000  1.000000e+000  1.000000e+000  1.000000e+000              
  397 -3.960000e+002 -2.220000e+002    2    1  0.000000e+000  1.000000e+000  1.000000e+000  1.000000e+000              
  398 -3.970000e+002 -2.210000e+002    2    1  0.000000e+000  1.000000e+000  1.000000e+000  1.000000e+000              
  399 -3.980000e+002 -2.200000e+002    2    1  0.000000e+000  1.000000e+000  1.000000e+000  1.000000e+000              
  400 -3.990000e+002 -2.190000e+002    2    1  0.000000e+000  1.000000e+000  1.000000e+000  1.000000e+000              
  401 -4.000000e+002 -2.180000e+002    2    1  0.000000e+000  1.000000e+000  1.000000e+000  1.000000e+000              
  402 -4.010000e+002 -2.170000e+002    2    1  0.000000e+000  1.000000e+000  1.000000e+000  1.000000e+000              
  403 -4.020000e+002 -2.160000e+002    2    1  0.000000e+000  1.000000e+000  1.000000e+000  1.000000e+000              
  404 -4.030000e+002 -2.150000e+002    2    1  0.000000e+000  1.000000e+000  1.000000e+000  1.000000e+000              
  405 -4.040000e+002 -2.140000e+002    2    1  0.000000e+000  1.000000e+000  1.000000e+000  1.000000e+000              
  406 -4.050000e+002 -2.130000e+002    2    1  0.000000e+000  1.000000e+000  1.000000e+000  1.000000e+000              
  407 -4.060000e+002 -2.120000e+002    2    1  0.000000e+000  1.000000e+000  1.000000e+000  1.000000e+000              
  408 -4.070000e+002 -2.110000e+002    2    1  0.000000e+000  1.000000e+000  1.000000e+000  1.000000e+000              
  409 -4.080000e+002 -2.100000e+002    2    1  0.000000e+000  1.000000e+000  1.000000e+000  1.000000e+000              
  410 -4.090000e+002 -2.090000e+002    2    1  0.000000e+000  1.000000e+000  1.000000e+000  1.000000e+000              
  411 -4.100000e+002 -2.080000e+002    2    1  0.000000e+000  1.000000e+000  1.000000e+000  1.000000e+000              
  412 -4.110000e+002 -2.070000e+002    2    1  0.000000e+000  1.000000e+000  1.000000e+000  1.000000e+000              
  413 -4.120000e+002 -2.060000e+002    2    1  0.000000e+000  1.000000e+000  1.000000e+000  1.000000e+000              
  414 -4.130000e+002 -2.050000e+002    2    1  0.000000e+000  1.000000e+000  1.000000e+000  1.000000e+000              
  415 -4.140000e+002 -2.040000e+002    2    1  0.000000e+000  1.000000e+000  1.000000e+000  1.000000e+000              
  416 -4.150000e+002 -2.030000e+002    2    1  0.000000e+000  1.000000e+000  1.000000e+000  1.000000e+000              
  417 -4.160000e+002 -2.020000e+002    2    1  0.000000e+000  1.000000e+000  1.000000e+000  1.000000e+000              
  418 -4.170000e+002 -2.010000e+002    2    1  0.000000e+000  1.000000e+000  1.000000e+000  1.000000e+000              
  419 -4.180000e+002 -2.000000e+002    2    1  0.000000e+000  1.000000e+000  1.000000e+000  1.000000e+000              
  420 -4.190000e+002 -1.990000e+002    2    1  0.000000e+000  1.000000e+000  1.000000e+000  1.000000e+000              
  421 -4.200000e+002 -1.980000e+002    2    1  0.000000e+000  1.000000e+000  1.000000e+000  1.000000e+000              
  422 -4.210000e+002 -1.970000e+002    2    1  0.000000e+000  1.000000e+000  1.000000e+000  1.000000e+000              
  423 -4.220000e+002 -1.960000e+002    2    1  0.000000e+000  1.000000e+000  1.000000e+000  1.000000e+000              
  424 -4.230000e+002 -1.950000e+002    2    1  0.000000e+000  1.000000e+000  1.000000e+000  1.000000e+000              
  425 -4.240000e+002 -1.940000e+002    2    1  0.000000e+000  1.000000e+000  1.000000e+000  1.000000e+000              
  426 -4.250000e+002 -1.930000e+002    2    1  0.000000e+000  1.000000e+000  1.000000e+000  1.000000e+000              
  427 -4.260000e+002 -1.920000e+002    2    1  0.000000e+000  1.000000e+000  1.000000e+000  1.000000e+000              
  428 -4.270000e+002 -1.910000e+002    2    1  0.000000e+000  1.000000e+000  1.000000e+000  1.000000e+000              
  429 -4.280000e+002 -1.900000e+002    2    1  0.000000e+000  1.000000e+000  1.000000e+000  1.000000e+000              
  430 -4.290000e+002 -1.890000e+002    2    1  0.000000e+000  1.000000e+000  1.000000e+000  1.000000e+000              
  431 -4.300000e+002 -1.880000e+002    2    1  0.000000e+000  1.000000e+000  1.000000e+000  1.000000e+000              
  432 -4.310000e+002 -1.870000e+002    2    1  0.000000e+000  1.000000e+000  1.000000e+000  1.000000e+000              
  433 -4.320000e+002 -1.860000e+002    2    1  0.000000e+000  1.000000e+000  1.000000e+000  1.000000e+000              
  434 -4.330000e+002 -1.850000e+002    2    1  0.000000e+000  1.000000e+000  1.000000e+000  1.000000e+000              
  435 -4.340000e+002 -1.840000e+002    2    1  0.000000e+000  1.000000e+000  1.000000e+000  1.000000e+000              
  436 -4.350000e+002 -1.830000e+002    2    1  0.000000e+000  1.000000e+000  1.000000e+000  1.000000e+000              
  437 -4.360000e+002 -1.820000e+002    2    1  0.000000e+000  1.000000e+000  1.000000e+000  1.000000e+000              
  438 -4.370000e+002 -1.810000e+002    2    1  0.000000e+000  1.000000e+000  1.000000e+000  1.000000e+000              
  439 -4.380000e+002 -1.800000e+002    2    1  0.000000e+000  1.000000e+000  1.000000e+000  1.000000e+000              
  440 -4.390000e+002 -1.790000e+002    2    1  0.000000e+000  1.000000e+000  1.000000e+000  1.000000e+000              
  441 -4.400000e+002 -1.780000e+002    2    1  0.000000e+000  1.000000e+000  1.000000e+000  1.000000e+000              
  442 -4.410000e+002 -1.770000e+002    2    1  0.000000e+000  1.000000e+000  1.000000e+000  1.000000e+000              
  443 -4.420000e+002 -1.760000e+002    2    1  0.000000e+000  1.000000e+000  1.000000e+000  1.000000e+000              
  444 -4.430000e+002 -1.750000e+002    2    1  0.000000e+000  1.000000e+000  1.000000e+000  1.000000e+000              
  445 -4.440000e+002 -1.740000e+002    2    1  0.000000e+000  1.000000e+000  1.000000e+000  1.000000e+000              
  446 -4.450000e+002 -1.730000e+002    2    1  0.000000e+000  1.000000e+000  1.000000e+000  1.000000e+000              
  447 -4.460000e+002 -1.720000e+002    2    1  0.000000e+000  1.000000e+000  1.000000e+000  1.000000e+000              
  448 -4.470000e+002 -1.710000e+002    2    1  0.000000e+000  1.000000e+000  1.000000e+000  1.000000e+000              
  449 -4.480000e+002 -1.700000e+002    2    1  0.000000e+000  1.000000e+000  1.000000e+000  1.000000e+000              
  450 -4.490000e+002 -1.690000e+002    2    1  0.000000e+000  1.000000e+000  1.000000e+000  1.000000e+000              
  451 -4.500000e+002 -1.680000e+002    2    1  0.000000e+000  1.000000e+000  1.000000e+000  1.000000e+000              
  452 -4.510000e+002 -1.670000e+002    2    1  0.000000e+000  1.000000e+000  1.000000e+000  1.000000e+000              
  453 -4.520000e+002 -1.660000e+002    2    1  0.000000e+000  1.000000e+000  1.000000e+000  1.000000e+000              
  454 -4.530000e+002 -1.650000e+002    2    1  0.000000e+000  1.000000e+000  1.000000e+000  1.000000e+000              
  455 -4.540000e+002 -1.640000e+002    2    1  0.000000e+000  1.000000e+000  1.000000e+000  1.000000e+000              
  456 -4.550000e+002 -1.630000e+002    2    1  0.000000e+000  1.000000e+000  1.000000e+000  1.000000e+000              
  457 -4.560000e+002 -1.620000e+002    2    1  0.000000e+000  1.000000e+000  1.000000e+000  1.000000e+000              
  458 -4.570000e+002 -1.610000e+002    2    1  0.000000e+000  1.000000e+000  1.000000e+000  1.000000e+000              
  459 -4.580000e+002 -1.600000e+002    2    1  0.000000e+000  1.000000e+000  1.000000e+000  1.000000e+000              
  460 -4.590000e+002 -1.590000e+002    2    1  0.000000e+000  1.000000e+000  1.000000e+000  1.000000e+000              
  461 -4.600000e+002 -1.580000e+002    2    1  0.000000e+000  1.000000e+000  1.000000e+000  1.000000e+000              
  462 -4.610000e+002 -1.570000e+002    2    1  0.000000e+000  1.000000e+000  1.000000e+000  1.000000e+000              
  463 -4.620000e+002 -1.560000e+002    2    1  0.000000e+000  1.000000e+000  1.000000e+000  1.000000e+000              
  464 -4.630000e+002 -1.550000e+002    2    1  0.000000e+000  1.000000e+000  1.000000e+000  1.000000e+000              
  465 -4.640000e+002 -1.540000e+002    2    1  0.000000e+000  1.000000e+000  1.000000e+000  1.000000e+000              
  466 -4.650000e+002 -1.530000e+002    2    1  0.000000e+000  1.000000e+000  1.000000e+000  1.000000e+000              
  467 -4.660000e+002 -1.520000e+002    2    1  0.000000e+000  1.000000e+000  1.000000e+000  1.000000e+000              
  468 -4.670000e+002 -1.510000e+002    2    1  0.000000e+000  1.000000e+000  1.000000e+000  1.000000e+000              
  469 -4.680000e+002 -1.500000e+002    2    1  0.000000e+000  1.000000e+000  1.000000e+000  1.000000e+000              
  470 -4.690000e+002 -1.490000e+002    2    1  0.000000e+000  1.000000e+000  1.000000e+000  1.000000e+000              
  471 -4.700000e+002 -1.480000e+002    2    1  0.000000e+000  1.000000e+000  1.000000e+000  1.000000e+000              
  472 -4.710000e+002 -1.470000e+002    2    1  0.000000e+000  1.000000e+000  1.000000e+000  1.000000e+000              
  473 -4.720000e+002 -1.460000e+002    2    1  0.000000e+000  1.000000e+000  1.000000e+000  1.000000e+000              
  474 -4.730000e+002 -1.450000e+002    2    1  0.000000e+000  1.000000e+000  1.000000e+000  1.000000e+000              
  475 -4.740000e+002 -1.440000e+002    2    1  0.000000e+000  1.000000e+000  1.000000e+000  1.000000e+000              
  476 -4.750000e+002 -1.430000e+002    2    1  0.000000e+000  1.000000e+000  1.000000e+000  1.000000e+000              
  477 -4.760000e+002 -1.420000e+002    2    1  0.000000e+000  1.000000e+000  1.000000e+000  1.000000e+000              
  478 -4.770000e+002 -1.410000e+002    2    1  0.000000e+000  1.000000e+000  1.000000e+000  1.000000e+000              
  479 -4.780000e+002 -1.400000e+002    2    1  0.000000e+000  1.000000e+000  1.000000e+000  1.000000e+000              
  480 -4.790000e+002 -1.390000e+002    2    1  0.000000e+000  1.000000e+000  1.000000e+000  1.000000e+000              
  481 -4.800000e+002 -1.380000e+002    2    1  0.000000e+000  1.000000e+000  1.000000e+000  1.000000e+000              
  482 -4.810000e+002 -1.370000e+002    2    1  0.000000e+000  1.000000e+000  1.000000e+000  1.000000e+000              
  483 -4.820000e+002 -1.360000e+002    2    1  0.000000e+000  1.000000e+000  1.000000e+000  1.000000e+000              
  484 -4.830000e+002 -1.350000e+002    2    1  0.000000e+000  1.000000e+000  1.000000e+000  1.000000e+000              
  485 -4.840000e+002 -1.340000e+002    2    1  0.000000e+000  1.000000e+000  1.000000e+000  1.000000e+000              
  486 -4.850000e+002 -1.330000e+002    2    1  0.000000e+000  1.000000e+000  1.000000e+000  1.000000e+000              
  487 -4.860000e+002 -1.320000e+002    2    1  0.000000e+000  1.000000e+000  1.000000e+000  1.000000e+000              
  488 -4.870000e+002 -1.310000e+002    2    1  0.000000e+000  1.000000e+000  1.000000e+000  1.000000e+000              
  489 -4.880000e+002 -1.300000e+002    2    1  0.000000e+000  1.000000e+000  1.000000e+000  1.000000e+000              
  490 -4.890000e+002 -1.290000e+002    2    1  0.000000e+000  1.000000e+000  1.000000e+000  1.000000e+000              
  491 -4.900000e+002 -1.280000e+002    2    1  0.000000e+000  1.000000e+000  1.000000e+000  1.000000e+000              
  492 -4.910000e+002 -1.270000e+002    2    1  0.000000e+000  1.000000e+000  1.000000e+000  1.000000e+000              
  493 -4.920000e+002 -1.260000e+002    2    1  0.000000e+000  1.000000e+000  1.000000e+000  1.000000e+000              
  494 -4.930000e+002 -1.250000e+002    2    1  0.000000e+000  1.000000e+000  1.000000e+000  1.000000e+000              
  495 -4.940000e+002 -1.240000e+002    2    1  0.000000e+000  1.000000e+000  1.000000e+000  1.000000e+000              
  496 -4.950000e+002 -1.230000e+002    2    1  0.000000e+000  1.000000e+000  1.000000e+000  1.000000e+000              
  497 -4.960000e+002 -1.220000e+002    2    1  0.000000e+000  1.000000e+000  1.000000e+000  1.000000e+000              
  498 -4.970000e+002 -1.210000e+002    2    1  0.000000e+000  1.000000e+000  1.000000e+000  1.000000e+000              
  499 -4.980000e+002 -1.200000e+002    2    1  0.000000e+000  1.000000e+000  1.000000e+000  1.000000e+000              
  500 -4.990000e+002 -1.190000e+002    2    1  0.000000e+000  1.000000e+000  1.000000e+000  1.000000e+000              
  501 -5.000000e+002 -1.180000e+002    2    1  0.000000e+000  1.000000e+000  1.000000e+000  1.000000e+000              
  502 -5.010000e+002 -1.170000e+002    2    1  0.000000e+000  1.000000e+000  1.000000e+000  1.000000e+000              
  503 -5.020000e+002 -1.160000e+002    2    1  0.000000e+000  1.000000e+000  1.000000e+000  1.000000e+000              
  504 -5.030000e+002 -1.150000e+002    2    1  0.000000e+000  1.000000e+000  1.000000e+000  1.000000e+000              
  505 -5.040000e+002 -1.140000e+002    2    1  0.000000e+000  1.000000e+000  1.000000e+000  1.000000e+000              
  506 -5.050000e+002 -1.130000e+002    2    1  0.000000e+000  1.000000e+000  1.000000e+000  1.000000e+000              
  507 -5.060000e+002 -1.120000e+002    2    1  0.000000e+000  1.000000e+000  1.000000e+000  1.000000e+000              
  508 -5.070000e+002 -1.110000e+002    2    1  0.000000e+000  1.000000e+000  1.000000e+000  1.000000e+000              
  509 -5.080000e+002 -1.100000e+002    2    1  0.000000e+000  1.000000e+000  1.000000e+000  1.000000e+000              
  510 -5.090000e+002 -1.090000e+002    2    1  0.000000e+000  1.000000e+000  1.000000e+000  1.000000e+000              
  511 -5.100000e+002 -1.080000e+002    2    1  0.000000e+000  1.000000e+000  1.000000e+000  1.000000e+000              
  512 -5.110000e+002 -1.070000e+002    2    1  0.000000e+000  1.000000e+000  1.000000e+000  1.000000e+000              
  513 -5.120000e+002 -1.060000e+002    2    1  0.000000e+000  1.000000e+000  1.000000e+000  1.000000e+000              
  514 -5.130000e+002 -1.050000e+002    2    1  0.000000e+000  1.000000e+000  1.000000e+000  1.000000e+000              
  515 -5.140000e+002 -1.040000e+002    2    1  0.000000e+000  1.000000e+000  1.000000e+000  1.000000e+000              
  516 -5.150000e+002 -1.030000e+002    2    1  0.000000e+000  1.000000e+000  1.000000e+000  1.000000e+000              
  517 -5.160000e+002 -1.020000e+002    2    1  0.000000e+000  1.000000e+000  1.000000e+000  1.000000e+000              
  518 -5.170000e+002 -1.010000e+002    2    1  0.000000e+000  1.000000e+000  1.000000e+000  1.000000e+000              
  519 -5.180000e+002 -1.000000e+002    2    1  0.000000e+000  1.000000e+000  1.000000e+000  1.000000e+000              
  520 -5.190000e+002 -9.900000e+001    2    1  0.000000e+000  1.000000e+000  1.000000e+000  1.000000e+000              
  521 -5.200000e+002 -9.800000e+001    2    1  0.000000e+000  1.000000e+000  1.000000e+000  1.000000e+000              
  522 -5.210000e+002 -9.700000e+001    2    1  0.000000e+000  1.000000e+000  1.000000e+000  1.000000e+000              
  523 -5.220000e+002 -9.600000e+001    2    1  0.000000e+000  1.000000e+000  1.000000e+000  1.000000e+000              
  524 -5.230000e+002 -9.500000e+001    2    1  0.000000e+000  1.000000e+000  1.000000e+000  1.000000e+000              
  525 -5.240000e+002 -9.400000e+001    2    1  0.000000e+000  1.000000e+000  1.000000e+000  1.000000e+000              
  526 -5.250000e+002 -9.300000e+001    2    1  0.000000e+000  1.000000e+000  1.000000e+000  1.000000e+000              
  527 -5.260000e+002 -9.200000e+001    2    1  0.000000e+000  1.000000e+000  1.000000e+000  1.000000e+000              
  528 -5.270000e+002 -9.100000e+001    2    1  0.000000e+000  1.000000e+000  1.000000e+000  1.000000e+000              
  529 -5.280000e+002 -9.000000e+001    2    1  0.000000e+000  1.000000e+000  1.000000e+000  1.000000e+000              
  530 -5.290000e+002 -8.900000e+001    2    1  0.000000e+000  1.000000e+000  1.000000e+000  1.000000e+000              
  531 -5.300000e+002 -8.800000e+001    2    1  0.000000e+000  1.000000e+000  1.000000e+000  1.000000e+000              
  532 -5.310000e+002 -8.700000e+001    2    1  0.000000e+000  1.000000e+000  1.000000e+000  1.000000e+000              
  533 -5.320000e+002 -8.600000e+001    2    1  0.000000e+000  1.000000e+000  1.000000e+000  1.000000e+000              
  534 -5.330000e+002 -8.500000e+001    2    1  0.000000e+000  1.000000e+000  1.000000e+000  1.000000e+000              
  535 -5.340000e+002 -8.400000e+001    2    1  0.000000e+000  1.000000e+000  1.000000e+000  1.000000e+000              
  536 -5.350000e+002 -8.300000e+001    2    1  0.000000e+000  1.000000e+000  1.000000e+000  1.000000e+000              
  537 -5.360000e+002 -8.200000e+001    2    1  0.000000e+000  1.000000e+000  1.000000e+000  1.000000e+000              
  538 -5.370000e+002 -8.100000e+001    2    1  0.000000e+000  1.000000e+000  1.000000e+000  1.000000e+000              
  539 -5.380000e+002 -8.000000e+001    2    1  0.000000e+000  1.000000e+000  1.000000e+000  1.000000e+000              
  540 -5.390000e+002 -7.900000e+001    2    1  0.000000e+000  1.000000e+000  1.000000e+000  1.000000e+000              
  541 -5.400000e+002 -7.800000e+001    2    1  0.000000e+000  1.000000e+000  1.000000e+000  1.000000e+000              
  542 -5.410000e+002 -7.700000e+001    2    1  0.000000e+000  1.000000e+000  1.000000e+000  1.000000e+000              
  543 -5.420000e+002 -7.600000e+001    2    1  0.000000e+000  1.000000e+000  1.000000e+000  1.000000e+000              
  544 -5.430000e+002 -7.500000e+001    2    1  0.000000e+000  1.000000e+000  1.000000e+000  1.000000e+000              
  545 -5.440000e+002 -7.400000e+001    2    1  0.000000e+000  1.000000e+000  1.000000e+000  1.000000e+000              
  546 -5.450000e+002 -7.300000e+001    2    1  0.000000e+000  1.000000e+000  1.000000e+000  1.000000e+000              
  547 -5.460000e+002 -7.200000e+001    2    1  0.000000e+000  1.000000e+000  1.000000e+000  1.000000e+000              
  548 -5.470000e+002 -7.100000e+001    2    1  0.000000e+000  1.000000e+000  1.000000e+000  1.000000e+000              
  549 -5.480000e+002 -7.000000e+001    2    1  0.000000e+000  1.000000e+000  1.000000e+000  1.000000e+000              
  550 -5.490000e+002 -6.900000e+001    2    1  0.000000e+000  1.000000e+000  1.000000e+000  1.000000e+000              
  551 -5.500000e+002 -6.800000e+001    2    1  0.000000e+000  1.000000e+000  1.000000e+000  1.000000e+000              
  552 -5.510000e+002 -6.700000e+001    2    1  0.000000e+000  1.000000e+000  1.000000e+000  1.000000e+000              
  553 -5.520000e+002 -6.600000e+001    2    1  0.000000e+000  1.000000e+000  1.000000e+000  1.000000e+000              
  554 -5.530000e+002 -6.500000e+001    2    1  0.000000e+000  1.000000e+000  1.000000e+000  1.000000e+000              
  555 -5.540000e+002 -6.400000e+001    2    1  0.000000e+000  1.000000e+000  1.000000e+000  1.000000e+000              
  556 -5.550000e+002 -6.300000e+001    2    1  0.000000e+000  1.000000e+000  1.000000e+000  1.000000e+000              
  557 -5.560000e+002 -6.200000e+001    2    1  0.000000e+000  1.000000e+000  1.000000e+000  1.000000e+000              
  558 -5.570000e+002 -6.100000e+001    2    1  0.000000e+000  1.000000e+000  1.000000e+000  1.000000e+000              
  559 -5.580000e+002 -6.000000e+001    2    1  0.000000e+000  1.000000e+000  1.000000e+000  1.000000e+000              
  560 -5.590000e+002 -5.900000e+001    2    1  0.000000e+000  1.000000e+000  1.000000e+000  1.000000e+000              
  561 -5.600000e+002 -5.800000e+001    2    1  0.000000e+000  1.000000e+000  1.000000e+000  1.000000e+000              
  562 -5.610000e+002 -5.700000e+001    2    1  0.000000e+000  1.000000e+000  1.000000e+000  1.000000e+000              
  563 -5.620000e+002 -5.600000e+001    2    1  0.000000e+000  1.000000e+000  1.000000e+000  1.000000e+000              
  564 -5.630000e+002 -5.500000e+001    2    1  0.000000e+000  1.000000e+000  1.000000e+000  1.000000e+000              
  565 -5.640000e+002 -5.400000e+001    2    1  0.000000e+000  1.000000e+000  1.000000e+000  1.000000e+000              
  566 -5.650000e+002 -5.300000e+001    2    1  0.000000e+000  1.000000e+000  1.000000e+000  1.000000e+000              
  567 -5.660000e+002 -5.200000e+001    2    1  0.000000e+000  1.000000e+000  1.000000e+000  1.000000e+000              
  568 -5.670000e+002 -5.100000e+001    2    1  0.000000e+000  1.000000e+000  1.000000e+000  1.000000e+000              
  569 -5.680000e+002 -5.000000e+001    2    1  0.000000e+000  1.000000e+000  1.000000e+000  1.000000e+000              
  570 -5.690000e+002 -4.900000e+001    2    1  0.000000e+000  1.000000e+000  1.000000e+000  1.000000e+000              
  571 -5.700000e+002 -4.800000e+001    2    1  0.000000e+000  1.000000e+000  1.000000e+000  1.000000e+000              
  572 -5.710000e+002 -4.700000e+001    2    1  0.000000e+000  1.000000e+000  1.000000e+000  1.000000e+000              
  573 -5.720000e+002 -4.600000e+001    2    1  0.000000e+000  1.000000e+000  1.000000e+000  1.000000e+000              
  574 -5.730000e+002 -4.500000e+001    2    1  0.000000e+000  1.000000e+000  1.000000e+000  1.000000e+000              
  575 -5.740000e+002 -4.400000e+001    2    1  0.000000e+000  1.000000e+000  1.000000e+000  1.000000e+000              
  576 -5.750000e+002 -4.300000e+001    2    1  0.000000e+000  1.000000e+000  1.000000e+000  1.000000e+000              
  577 -5.760000e+002 -4.200000e+001    2    1  0.000000e+000  1.000000e+000  1.000000e+000  1.000000e+000              
  578 -5.770000e+002 -4.100000e+001    2    1  0.000000e+000  1.000000e+000  1.000000e+000  1.000000e+000              
  579 -5.780000e+002 -4.000000e+001    2    1  0.000000e+000  1.000000e+000  1.000000e+000  1.000000e+000              
  580 -5.790000e+002 -3.900000e+001    2    1  0.000000e+000  1.000000e+000  1.000000e+000  1.000000e+000              
  581 -5.800000e+002 -3.800000e+001    2    1  0.000000e+000  1.000000e+000  1.000000e+000  1.000000e+000              
  582 -5.810000e+002 -3.700000e+001    2    1  0.000000e+000  1.000000e+000  1.000000e+000  1.000000e+000              
  583 -5.820000e+002 -3.600000e+001    2    1  0.000000e+000  1.000000e+000  1.000000e+000  1.000000e+000              
  584 -5.830000e+002 -3.500000e+001    2    1  0.000000e+000  1.000000e+000  1.000000e+000  1.000000e+000              
  585 -5.840000e+002 -3.400000e+001    2    1  0.000000e+000  1.000000e+000  1.000000e+000  1.000000e+000              
  586 -5.850000e+002 -3.300000e+001    2    1  0.000000e+000  1.000000e+000  1.000000e+000  1.000000e+000              
  587 -5.860000e+002 -3.200000e+001    2    1  0.000000e+000  1.000000e+000  1.000000e+000  1.000000e+000              
  588 -5.870000e+002 -3.100000e+001    2    1  0.000000e+000  1.000000e+000  1.000000e+000  1.000000e+000              
  589 -5.880000e+002 -3.000000e+001    2    1  0.000000e+000  1.000000e+000  1.000000e+000  1.000000e+000              
  590 -5.890000e+002 -2.900000e+001    2    1  0.000000e+000  1.000000e+000  1.000000e+000  1.000000e+000              
  591 -5.900000e+002 -2.800000e+001    2    1  0.000000e+000  1.000000e+000  1.000000e+000  1.000000e+000              
  592 -5.910000e+002 -2.700000e+001    2    1  0.000000e+000  1.000000e+000  1.000000e+000  1.000000e+000              
  593 -5.920000e+002 -2.600000e+001    2    1  0.000000e+000  1.000000e+000  1.000000e+000  1.000000e+000              
  594 -5.930000e+002 -2.500000e+001    2    1  0.000000e+000  1.000000e+000  1.000000e+000  1.000000e+000              
  595 -5.940000e+002 -2.400000e+001    2    1  0.000000e+000  1.000000e+000  1.000000e+000  1.000000e+000              
  596 -5.950000e+002 -2.300000e+001    2    1  0.000000e+000  1.000000e+000  1.000000e+000  1.000000e+000              
  597 -5.960000e+002 -2.200000e+001    2    1  0.000000e+000  1.000000e+000  1.000000e+000  1.000000e+000              
  598 -5.970000e+002 -2.100000e+001    2    1  0.000000e+000  1.000000e+000  1.000000e+000  1.000000e+000              
  599 -5.980000e+002 -2.000000e+001    2    1  0.000000e+000  1.000000e+000  1.000000e+000  1.000000e+000              
  600 -5.990000e+002 -1.900000e+001    2    1  0.000000e+000  1.000000e+000  1.000000e+000  1.000000e+000              
  601 -6.000000e+002 -1.800000e+001    2    1  0.000000e+000  1.000000e+000  1.000000e+000  1.000000e+000              
  602 -6.010000e+002 -1.700000e+001    2    1  0.000000e+000  1.000000e+000  1.000000e+000  1.000000e+000              
  603 -6.020000e+002 -1.600000e+001    2    1  0.000000e+000  1.000000e+000  1.000000e+000  1.000000e+000              
  604 -6.030000e+002 -1.500000e+001    2    1  0.000000e+000  1.000000e+000  1.000000e+000  1.000000e+000              
  605 -6.040000e+002 -1.400000e+001    2    1  0.000000e+000  1.000000e+000  1.000000e+000  1.000000e+000              
  606 -6.050000e+002 -1.300000e+001    2    1  0.000000e+000  1.000000e+000  1.000000e+000  1.000000e+000              
  607 -6.060000e+002 -1.200000e+001    2    1  0.000000e+000  1.000000e+000  1.000000e+000  1.000000e+000              
  608 -6.070000e+002 -1.100000e+001    2    1  0.000000e+000  1.000000e+000  1.000000e+000  1.000000e+000              
  609 -6.080000e+002 -1.000000e+001    2    1  0.000000e+000  1.000000e+000  1.000000e+000  1.000000e+000              
  610 -6.090000e+002 -9.000000e+000    2    1  0.000000e+000  1.000000e+000  1.000000e+000  1.000000e+000              
  611 -6.100000e+002 -8.000000e+000    2    1  0.000000e+000  1.000000e+000  1.000000e+000  1.000000e+000              
  612 -6.110000e+002 -7.000000e+000    2    1  0.000000e+000  1.000000e+000  1.000000e+000  1.000000e+000              
  613 -6.120000e+002 -6.000000e+000    2    1  0.000000e+000  1.000000e+000  1.000000e+000  1.000000e+000              
  614 -6.130000e+002 -5.000000e+000    2    1  0.000000e+000  1.000000e+000  1.000000e+000  1.000000e+000              
  615 -6.140000e+002 -4.000000e+000    2    1  0.000000e+000  1.000000e+000  1.000000e+000  1.000000e+000              
  616 -6.150000e+002 -3.000000e+000    2    1  0.000000e+000  1.000000e+000  1.000000e+000  1.000000e+000              
  617 -6.160000e+002 -2.000000e+000    2    1  0.000000e+000  1.000000e+000  1.000000e+000  1.000000e+000              
  618 -6.170000e+002 -1.000000e+000    2    1  0.000000e+000  1.000000e+000  1.000000e+000  1.000000e+000              
  619 -6.180000e+002  0.000000e+000    2    1  0.000000e+000  1.000000e+000  1.000000e+000  1.000000e+000              
  620 -6.190000e+002  1.000000e+000    2    1  0.000000e+000  1.000000e+000  1.000000e+000  1.000000e+000              
  621 -6.200000e+002  2.000000e+000    2    1  0.000000e+000  1.000000e+000  1.000000e+000  1.000000e+000              
  622 -6.210000e+002  3.000000e+000    2    1  0.000000e+000  1.000000e+000  1.000000e+000  1.000000e+000              
  623 -6.220000e+002  4.000000e+000    2    1  0.000000e+000  1.000000e+000  1.000000e+000  1.000000e+000              
  624 -6.230000e+002  5.000000e+000    2    1  0.000000e+000  1.000000e+000  1.000000e+000  1.000000e+000              
  625 -6.240000e+002  6.000000e+000    2    1  0.000000e+000  1.000000e+000  1.000000e+000  1.000000e+000              
  626 -6.250000e+002  7.000000e+000    2    1  0.000000e+000  1.000000e+000  1.000000e+000  1.000000e+000              
  627 -6.260000e+002  8.000000e+000    2    1  0.000000e+000  1.000000e+000  1.000000e+000  1.000000e+000              
  628 -6.270000e+002  9.000000e+000    2    1  0.000000e+000  1.000000e+000  1.000000e+000  1.000000e+000              
  629 -6.280000e+002  1.000000e+001    2    1  0.000000e+000  1.000000e+000  1.000000e+000  1.000000e+000              
  630 -6.290000e+002  1.100000e+001    2    1  0.000000e+000  1.000000e+000  1.000000e+000  1.000000e+000              
  631 -6.300000e+002  1.200000e+001    2    1  0.000000e+000  1.000000e+000  1.000000e+000  1.000000e+000              
  632 -6.310000e+002  1.300000e+001    2    1  0.000000e+000  1.000000e+000  1.000000e+000  1.000000e+000              
  633 -6.320000e+002  1.400000e+001    2    1  0.000000e+000  1.000000e+000  1.000000e+000  1.000000e+000              
  634 -6.330000e+002  1.500000e+001    2    1  0.000000e+000  1.000000e+000  1.000000e+000  1.000000e+000              
  635 -6.340000e+002  1.600000e+001    2    1  0.000000e+000  1.000000e+000  1.000000e+000  1.000000e+000              
  636 -6.350000e+002  1.700000e+001    2    1  0.000000e+000  1.000000e+000  1.000000e+000  1.000000e+000              
  637 -6.360000e+002  1.800000e+001    2    1  0.000000e+000  1.000000e+000  1.000000e+000  1.000000e+000              
  638 -6.370000e+002  1.900000e+001    2    1  0.000000e+000  1.000000e+000  1.000000e+000  1.000000e+000              
  639 -6.380000e+002  2.000000e+001    2    1  0.000000e+000  1.000000e+000  1.000000e+000  1.000000e+000              
  640 -6.390000e+002  2.100000e+001    2    1  0.000000e+000  1.000000e+000  1.000000e+000  1.000000e+000              
  641 -6.400000e+002  2.200000e+001    2    1  0.000000e+000  1.000000e+000  1.000000e+000  1.000000e+000              
  642 -6.410000e+002  2.300000e+001    2    1  0.000000e+000  1.000000e+000  1.000000e+000  1.000000e+000              
  643 -6.420000e+002  2.400000e+001    2    1  0.000000e+000  1.000000e+000  1.000000e+000  1.000000e+000              
  644 -6.430000e+002  2.500000e+001    2    1  0.000000e+000  1.000000e+000  1.000000e+000  1.000000e+000              
  645 -6.440000e+002  2.600000e+001    2    1  0.000000e+000  1.000000e+000  1.000000e+000  1.000000e+000              
  646 -6.450000e+002  2.700000e+001    2    1  0.000000e+000  1.000000e+000  1.000000e+000  1.000000e+000              
  647 -6.460000e+002  2.800000e+001    2    1  0.000000e+000  1.000000e+000  1.000000e+000  1.000000e+000              
  648 -6.470000e+002  2.900000e+001    2    1  0.000000e+000  1.000000e+000  1.000000e+000  1.000000e+000              
  649 -6.480000e+002  3.000000e+001    2    1  0.000000e+000  1.000000e+000  1.000000e+000  1.000000e+000              
  650 -6.490000e+002  3.100000e+001    2    1  0.000000e+000  1.000000e+000  1.000000e+000  1.000000e+000              
  651 -6.500000e+002  3.200000e+001    2    1  0.000000e+000  1.000000e+000  1.000000e+000  1.000000e+000              
  652 -6.510000e+002  3.300000e+001    2    1  0.000000e+000  1.000000e+000  1.000000e+000  1.000000e+000              
  653 -6.520000e+002  3.400000e+001    2    1  0.000000e+000  1.000000e+000  1.000000e+000  1.000000e+000              
  654 -6.530000e+002  3.500000e+001    2    1  0.000000e+000  1.000000e+000  1.000000e+000  1.000000e+000              
  655 -6.540000e+002  3.600000e+001    2    1  0.000000e+000  1.000000e+000  1.000000e+000  1.000000e+000              
  656 -6.550000e+002  3.700000e+001    2    1  0.000000e+000  1.000000e+000  1.000000e+000  1.000000e+000              
  657 -6.560000e+002  3.800000e+001    2    1  0.000000e+000  1.000000e+000  1.000000e+000  1.000000e+000              
  658 -6.570000e+002  3.900000e+001    2    1  0.000000e+000  1.000000e+000  1.000000e+000  1.000000e+000              
  659 -6.580000e+002  4.000000e+001    2    1  0.000000e+000  1.000000e+000  1.000000e+000  1.000000e+000              
  660 -6.590000e+002  4.100000e+001    2    1  0.000000e+000  1.000000e+000  1.000000e+000  1.000000e+000              
  661 -6.600000e+002  4.200000e+001    2    1  0.000000e+000  1.000000e+000  1.000000e+000  1.000000e+000              
  662 -6.610000e+002  4.300000e+001    2    1  0.000000e+000  1.000000e+000  1.000000e+000  1.000000e+000              
  663 -6.620000e+002  4.400000e+001    2    1  0.000000e+000  1.000000e+000  1.000000e+000  1.000000e+000              
  664 -6.630000e+002  4.500000e+001    2    1  0.000000e+000  1.000000e+000  1.000000e+000  1.000000e+000              
  665 -6.640000e+002  4.600000e+001    2    1  0.000000e+000  1.000000e+000  1.000000e+000  1.000000e+000              
  666 -6.650000e+002  4.700000e+001    2    1  0.000000e+000  1.000000e+000  1.000000e+000  1.000000e+000              
  667 -6.660000e+002  4.800000e+001    2    1  0.000000e+000  1.000000e+000  1.000000e+000  1.000000e+000              
  668 -6.670000e+002  4.900000e+001    2    1  0.000000e+000  1.000000e+000  1.000000e+000  1.000000e+000              
  669 -6.680000e+002  5.000000e+001    2    1  0.000000e+000  1.000000e+000  1.000000e+000  1.000000e+000              
  670 -6.690000e+002  5.100000e+001    2    1  0.000000e+000  1.000000e+000  1.000000e+000  1.000000e+000              
  671 -6.700000e+002  5.200000e+001    2    1  0.000000e+000  1.000000e+000  1.000000e+000  1.000000e+000              
  672 -6.710000e+002  5.300000e+001    2    1  0.000000e+000  1.000000e+000  1.000000e+000  1.000000e+000              
  673 -6.720000e+002  5.400000e+001    2    1  0.000000e+000  1.000000e+000  1.000000e+000  1.000000e+000              
  674 -6.730000e+002  5.500000e+001    2    1  0.000000e+000  1.000000e+000  1.000000e+000  1.000000e+000              
  675 -6.740000e+002  5.600000e+001    2    1  0.000000e+000  1.000000e+000  1.000000e+000  1.000000e+000              
  676 -6.750000e+002  5.700000e+001    2    1  0.000000e+000  1.000000e+000  1.000000e+000  1.000000e+000              
  677 -6.760000e+002  5.800000e+001    2    1  0.000000e+000  1.000000e+000  1.000000e+000  1.000000e+000              
  678 -6.770000e+002  5.900000e+001    2    1  0.000000e+000  1.000000e+000  1.000000e+000  1.000000e+000              
  679 -6.780000e+002  6.000000e+001    2    1  0.000000e+000  1.000000e+000  1.000000e+000  1.000000e+000              
  680 -6.790000e+002  6.100000e+001    2    1  0.000000e+000  1.000000e+000  1.000000e+000  1.000000e+000              
  681 -6.800000e+002  6.200000e+001    2    1  0.000000e+000  1.000000e+000  1.000000e+000  1.000000e+000              
  682 -6.810000e+002  6.300000e+001    2    1  0.000000e+000  1.000000e+000  1.000000e+000  1.000000e+000              
  683 -6.820000e+002  6.400000e+001    2    1  0.000000e+000  1.000000e+000  1.000000e+000  1.000000e+000              
  684 -6.830000e+002  6.500000e+001    2    1  0.000000e+000  1.000000e+000  1.000000e+000  1.000000e+000              
  685 -6.840000e+002  6.600000e+001    2    1  0.000000e+000  1.000000e+000  1.000000e+000  1.000000e+000              
  686 -6.850000e+002  6.700000e+001    2    1  0.000000e+000  1.000000e+000  1.000000e+000  1.000000e+000              
  687 -6.860000e+002  6.800000e+001    2    1  0.000000e+000  1.000000e+000  1.000000e+000  1.000000e+000              
  688 -6.870000e+002  6.900000e+001    2    1  0.000000e+000  1.000000e+000  1.000000e+000  1.000000e+000              
  689 -6.880000e+002  7.000000e+001    2    1  0.000000e+000  1.000000e+000  1.000000e+000  1.000000e+000              
  690 -6.890000e+002  7.100000e+001    2    1  0.000000e+000  1.000000e+000  1.000000e+000  1.000000e+000              
  691 -6.900000e+002  7.200000e+001    2    1  0.000000e+000  1.000000e+000  1.000000e+000  1.000000e+000              
  692 -6.910000e+002  7.300000e+001    2    1  0.000000e+000  1.000000e+000  1.000000e+000  1.000000e+000              
  693 -6.920000e+002  7.400000e+001    2    1  0.000000e+000  1.000000e+000  1.000000e+000  1.000000e+000              
  694 -6.930000e+002  7.500000e+001    2    1  0.000000e+000  1.000000e+000  1.000000e+000  1.000000e+000              
  695 -6.940000e+002  7.600000e+001    2    1  0.000000e+000  1.000000e+000  1.000000e+000  1.000000e+000              
  696 -6.950000e+002  7.700000e+001    2    1  0.000000e+000  1.000000e+000  1.000000e+000  1.000000e+000              
  697 -6.960000e+002  7.800000e+001    2    1  0.000000e+000  1.000000e+000  1.000000e+000  1.000000e+000              
  698 -6.970000e+002  7.900000e+001    2    1  0.000000e+000  1.000000e+000  1.000000e+000  1.000000e+000              
  699 -6.980000e+002  8.000000e+001    2    1  0.000000e+000  1.000000e+000  1.000000e+000  1.000000e+000              
  700 -6.990000e+002  8.100000e+001    2    1  0.000000e+000  1.000000e+000  1.000000e+000  1.000000e+000              
  701 -7.000000e+002  8.200000e+001    2    1  0.000000e+000  1.000000e+000  1.000000e+000  1.000000e+000              
0
